101,3
101,2
101,1
101,0
100,5
100,4
100,3
100,2
100,1
100,0
99,4
99,3
99,2
99,1
99,0
98,4
98,3
98,2
98,1
98,0
97,4
97,3
97,2
97,1
97,0
96,3
96,2
96,1
96,0
95,3
95,2
95,1
95,0
94,5
94,4
94,3
94,2
94,1
94,0
93,4
0,531
93,3
93,2
93,1
93,0
92,4
0,530
92,3
92,2
92,1
92,0
91,4
91,3
91,2
91,1
91,0
90,3
90,2
90,1
90,0
89,3
89,2
89,1
89,0
88,5
88,4
88,3
88,2
88,1
88,0
87,4
87,3
87,2
87,1
87,0
86,4
86,3
86,2
86,1
86,0
85,4
85,3
85,2
85,1
85,0
84,3
84,2
84,1
84,0
83,3
83,2
83,1
83,0
82,5
82,4
82,3
82,2
82,1
82,0
81,4
0,529
81,3
81,2
0,528
81,1
81,0
80,4
80,3
80,2
80,1
80,0
0,527
79,4
79,3
79,2
79,1
79,0
78,3
78,2
78,1
78,0
77,3
77,2
77,1
77,0
76,5
76,4
76,3
76,2
76,1
76,0
75,4
75,3
75,2
75,1
75,0
0,526
0,525
0,524
74,4
74,3
74,2
74,1
74,0
73,4
0,523
73,3
73,2
0,522
73,1
73,0
72,3
72,2
72,1
72,0
0,521
0,520
0,519
0,518
71,3
71,2
71,1
71,0
70,5
70,4
70,3
70,2
70,1
70,0
69,4
69,3
69,2
69,1
69,0
68,4
68,3
68,2
68,1
68,0
67,4
67,3
67,2
67,1
67,0
66,3
66,2
66,1
66,0
